194 Iudex

edicere 11, 13, 32, 5, 45, 25, 5015. 0111111011, 42, 8, 46, 25, 75,12,

editio 0000. 155, 9. tertio loeo positum 5, 22, 8, 5,

01111141 (0100111111 0000149 17, 20, ι1084235200 6018, 64,6, 84,1.
7 23. eurr

edocere 46, 4, 49, 8, 63, 6, 69, 5, eoquod ef. quod.
302, 011001111813, 6217, 31,.2 episeopus-2 ,01111303- 4-0,1· 41,

0110000601 2.,25 43,,1 1201

educere 85,13; 104, 18 epist tule (nmquam epistole) 35, 22,

efficere 5, 24. 41, 5. 9, 42, 18, 43, 5, 45, 3, 55,

efficientia, 00 69, 7.15. 16. 18, 111, 2. 13.

effulgere 11014. eradicaretur.

0111111079,18.010011 sublimare 105, 2.

σῗῶήᾶ oegle5r3.12 0101613011111010110 61, 9, 0111111111)

θ 08 9 ¹

eioore o. 011. 25, 20, 01011010 (erat ergo (0101000 poe.) 13, 20, 28, 24,

011141114401471254510 23, 2023, 35, 4, 011144111440144101114011440 41043241987114
112, 7. Koffmone, 1100010001. ,130,-2026.

010011040 27 94,7. 011014,,6 6,,16 7,,8 1418 17,17,

010011132,3,35,,,,,4391452,20 49857115815 7923831
62,1·,,,,,,78258425876101 9517104300001512
8.,10 104,10.01111)0000104,18, 66,,9 85,7, 8018,

,041011001341010110-10000000000 01111100. cerr).

ryme, 011111 91, 9, 01011100 yue, 00 eru
134,]8(0000101010010000101.γ,11).00)0111111104, 10, 2025, 44, 4· 48, 1,

elefantus8,1. 82,3,85,14,101,.4

clement. 0101. 001011. 0111111014 8

elementarius 0000. 157, 4. eruginare 17,13.

elidere 11, 8. erugo 17, 7. 13.

eligere 17, 15, 39,14; 48, 15. 18 , 130, erumpere 98, 5.
12, elegere 35, 4, 87,13. 000000010000011111010110111111 66,14,

ellipsis 000100110000010, de huiusmodi in offensionem 66,15; 11 10011110-
8,21, 77,,3 111111011011127,12,11111117,13,111001111011080,17,
7014, 11101111111011011147,13,30 - ost! Ξ0010 52, 25.
10;Hehos1uregnorum 478 (0 era esurire 66,17.
86 7),,0001101,110010010.· naturae ri- 01 0001100011 01ωο1 (0010010000 repe
01093,,3 0001000000.Ι 36, 21, 56,7, 101001) 103 28, 16, 33,,8 44, 15·
67, 3, 70, 314111, ef. 00101111, 40, 26, 53, 21. 2201, et= ettam
(1011010101111010101011001101111-15,20.’22,’23,22,334 ω84,12,
geusimae. 853, 907, 3013, 0101011101, -

elocutio 48, 13. 0101111 ,1000001001ον 8‚16; 84, 16

elogium 52,17. (of. 41,11, 67, 21; 75, 3).

eloqui 6,10.17, 70, 7, 92, 7. etenim 4, 2.

eloquium 4027, 51, 12. 15,60 ,20 etium 0111001000, 0010016, 14. 25, 7,,4
83, 18, 94, 21,- Oros. 157, 15. 9,28,11,26,3019,011011 1110

emedullaro 27, 5. 3, 12.

emendare ad 109, 8,·- 152 8 etiamsi, semper c. 10011. (9, 28), 14, 7,

emendatio 88, 12. 3o‚1’9; 36,7· 54,11.

emere 203. 0101 0000100100, 100 11100 tractatuum

· 01101110 uirtus 46,.6 0100111003 (-1- 3, 7 0110111110),

emissu8195,18. 34,3 Η· 34, 811001), 57,3, 62, 4,

emundatio 79, 12. (os. 1100186,4),0.11011. 8, 13, 343,

euertere 98, 8. 35, 8. 24, 52, 17, 57, 3, 59, 3, (60,

ϊί1 ,1111110110 111 1111...
0 0 r · 0 1 0 0 0 000000 0 “

 

