170 Bibliorum sectiones

Rom, sect. 67 incipito 8, 32 uomodo Rom'„ 00011221001011016, 5
- 68 884 'tus - 123 16,17
- 69 9, 1 - 124 16, 19 gaudeo
- gil) ‚ quorum - 125 16,21
- 72 ,
- 73 ,
74 ,
75 ,
76 10,
77 10, 3100111100
78 10, 4
79 10, 81100001
80 10, 14 autquom.
81 10, 16 domine
82 10, 18

11, 1

11, 4

11, 8
86 11,11
87 11, 18
88 11, 15
89 11, 25
(90) 11, 32 (1)
91 11, 33
92 12, 1
98 12, 8
94 12, 3000 plus
95 12, 9011100100
96 12,11 domino
97 12, 17 prouid.
98 12, 19
99 12, 21
(190) 13, Squi?
101 13, 11 nuno
102 14, 1000
103 14, 5
104 14, 7
105 14, 10
106 14, 14 nisi
107 14, 17
108 14, 21
109 14, 22
110 14, 22 boatus
111 14, 28 omno
112 15, 3
(118) 15, 7
114 15, 14
115 15, 14 repleti
116 15, 17
117 15, 19 in oo ir.
118 15, 24 si uoKis
119 15, 29 in abund.
120 16, 1
121 16, 3

1. Con, sect. 1 incipito 1, 1
11 - l, 10

ΞΞΞ

ἓῑδέἓὶξ)

‚0-3-

2--12—-5—*
m
ἃ
’Ὅ

οὐ

hdo—affl
-ύού

⁰05
ἒ

εμεμᾷμὲἑμιμζμξμμμμέθμῃΨΞ-ὉΞὉΞῺΓΓΓΓΓΓ·

ΙῺμ-ιμ-Δι-ι
*¹0

ἓ
3:ss
δ’

p—-p—-ffd

φφ oePff-qfflffflffl-qffl 'qffls-flp Φφφφφφφ

ΙΙΙΙΙΙΙΙΙΙΙΙΙΙΙΙΙΙΙΙΙΙΙΙ

 

