208

66161616 = 06161616 104, 25.
0616616 6191 35, 181 39, 261 41,111
6111112111, s, 11, 01 7615.
oblocutio 90,171 94, 81 99, 16,
obicgstioncs 16601661166166616161616-

rum 59, 101 (opp. conligatio 59, 9).

obligsro 7, 41 16, 181 23, 31 52, 81
(ec obiog. corr.) 83, 141 Oros. 153,
131 - 06166616 78, 6. 21.

obnoxiari 98,18.

obnoxius 15, 7.

06661116 cf. obsudiro.

obponere 39, 27.

066166666 23, 3.

66166616 84, 5.

obscuritates 28, 9.

obscurus 4, 9.

obsoquium 4213,

obseruantia confusibilis 8,1.

6666166116 4, 19; 58,161 70,191 78, 4.

obsessus 58, 7.

66610616 10, 231 11,14.

obstetricante supientia 17, 20.

6611661611 poss. 35,13.

obtrectatio 3, 51 33,101 41, 7.

obtunsio 121, 14.

6661661616 6. occ. 36, 22.

6066116110 60166116 59, 4.

6666616 46, 71 89,1; 95, 51 Oros. 155,
101 60666616 101, 9.

occidero 166616 47,1.

occidero 71, 171 73, 141 77, 7. 8.

0661666 47, 1215231 77,141 79,151

occulis siluarum 105, 31 por 66611116
(erut 6611116) 84, 4.

occuparo 77, 9.

occurrorc 57,13.

oculus: iu 666116 osso 4, 31 16 666166
uouiro 87, 41 66616166 61666101,9.

odibilis 7, 25.

odisso 41, 2.

odium 88, 5.

60016166, 66 104, 24.

offendiculum 11166 3, 3.

6116666 Oros. 152, 191 155, 16.

61166616 66,15.

0116116 (oblatus) 72, 261 73, 12. 241
771151 80,11.

officina 88, 28.

officium 95,18.

olochsustum 66 61666661. corr. 73, 24.

66111616 43, 612 666 66111616 41, 161

Iudex

666160166659,24175,12110331105,12.

omnipotentis 105, 6.

616616 6666166166 1 61666 quod uiuimus
Ξ061111661164,3158,3;(11101616
quod uiuimus 78, 24); 61666 quod
611661 26,41 28, 25144, 51 42131
5216163,]3164,12170,9173,21
78, 221 80,111 (82, 511 92, 121
93, 181 94,111 100, 211 - 01111116
61166116, 12152231 53,11 56191
(653116518173,6179,20193,141
- quse (6666) 661616 9, 151 10, 61
12, 1912210139,81 (46,22)1 80251
88, 21 ; - 16 66161616 -- nostr.
35, 11166, 2211 104,5,8166116-
66116 6111111666 6661616 omnia quso
desidorsi 6111166 166 59, 19.

66616, 6123711709.

opsrsbilis 78, 24.

66616118171 17, 17171, 91 73, 141
77, 41 78, 201 84, 251 85, 41 103,
131 104, 6. 161 16 6. 6621661 Uolo.
16 6. occ. 15, 251 18,10.

66616116 76131 103, 71 104, 11.

06616161 76,14.

661616 92, 71 94, 101 96, 61 98,1.

6661161 4, 81 17, 181 24, 21 40, 3. 281
61,141 70,81 (76211823.

optabilis 57,13. .

061616 35, 8; 41141 60, 91 79, 20.

opus, 6116 saepissime, occlusi 14, 13; 22,
13123,6127,17128,12136,8149,21

62, 5 ; o us uerbi: 12, 51 <28, 26 711 ’

63, 61 sciorum 06616 63, 71 opus
1660116 86141 mundi opus 65, 261
70,10176,11 7224172261666-
6611 opus 99, 6102 101 discipli-
natum opus 102, 141 10214116-
boliogoniioc opus 95,151 104, 21 -
6666 c. obl. 28, 26[.2].

oraro 79, 20.

oratio 6611660166161. pro 16116. 40, 6.

01616 22201 39, 231 78, 7.

ordinatio 45, 21 - Oros. 157, 11.

ordo 41, 201 52221 65,101 8651 87,
171 10215.

origo 71, 2l; 163, 16.

01111 35, 71 10311.

6616616616, cs. praes. 60 .
141611. s. 161. Lcc. 6114,
111, 311—314.

orius, 16 103, 11.

1313

06, 0116 23,171 37, 201 47, 201 9219. -

6616611616 saepissime, 661616, 11 15,
13. 191 28,6.131 31, 1413221

 

