206 ludex

11166116 57, 14. 18, 76, 21, 95, 25, nemque 49, 21, 66, 15, 101, 6.

166, 9, 164, 4. 11666162, 18, 6525, 74, 13, 7125,
1116666116 19, 7. 88, 5, 161, 25, notus in 66111649,
mola asinaria 46,19. 4, 101, 16, nasci habere 53, 25.
molestia 9216. 6611111166 (66666 additur terrene) 26,
moliri: intellegentiae opus moliens 22, 66, 2, 76, 14, 73, 5, 75, 15,

95,15 61 164, 2. 77, 24, 78, 3. 13, 82, 17, 83, 13,
16611116 oliuo leuiori 16016. 87,19, 97, 24.
mollin: (oliuo molliore) 77,1. natura 6666166616, uelut 8, 3, 12, 21,
momentum: post momentum 54, 20. 18, 18, 27, 28, 29, 2, 45, 6, 52,8.
monere 51, 13, 64, 21. 10,ω 60,3,71,24,75,5, 106,13.·18.
monile 13415. 22, 101, 26, 164, 22, Oros. 153,12.
monstrare 2314, 2812, 49, 7. 9, 1161616116 97, 5.

6210, 70, 17, 75, 21, 86, 14, naturaliter 54,13.

96, 3, 101, 23. naufragIo uelut 666 periclitari 57, 12.
monuoerus 11,17. naufragi a lide 2310.
monumentum 52, 3. 16 35, 923, 41, 6. 18, 43, 2. 12, 49,
morist,20.22;71,2;(inomoemcnrisn') 7.15; 56,7; 58‚12;‘17,5; 847, 161,

78, 16, 74, 14, morientum 60, 7. 12, 104,19,6611.66661,7,-6[.1166.
1116164,16,5,24,[15,13];66,7,74,26, 1166 (61 6616116661. 61 ante nomon.

83,10, 9312. 66666.) 6666166166, 661161 28, 23,
6161666, 66, 15, 24. 46, 23 , 48, 14. 15. 18, 56, 8, 56, 2,
6161111116 4814, 57, 9, 61, 11, 6212, 666 enim 18, 22, 42, 8, 46, 25,

71, 20, 92, 5, 97, 28. 75, 12, 79, 16, 11661666 56, 15, l
1116612,22,(15,131,35,26,39.11,42, 18. nontamen 41, 12, 151,11, neo*
motus, 116 7612, 92, 6, 113, 9. 11664218, 72,1, 162, 5666, 1166
6166616 alqrn 34, 9. quidem 39, 1226, neo=ne guidem
m ’166, ns Oreo. 154, 18. 7, 12,35,1961.,1166ε66, oodoni
16 1116116 on multifariae 661628, 11. 61,7, 1166 = 66116126, 15,16,36,
multiformis 58, 11, 163, 3, 116, 10. 1. 3, 64, 15, 85, 6, 111ω 1166 ω
multimodus 28, 5, 66, 1, 128, 16. 666 81, 7, ut w nen «ν 1166 83, 16,
multiplex 34, 16. eo neque 6661. 56, 6, - neque 29,
multiuolus 24, 8. 13. 146616611166,30,18166,31,19,
multuo: multi 61 hio 40, 24. 592, 66,7, 93,17. 18, 104, 6. 7861.
mulus 8,11. 6666666116 40, 36, 51,15, 53, 18, 73,
mundare domum 86, 8. 11, 76, 26, 78, 7, 82, 9, 84, 23,
mundialis 14,9, 36,14,76,12,83,14. 93, 15, 166, 1, neccessario 58, 9.
mundns mpioeime, 66161, 16, 13, necessarius 85, 5, 70,1, 9215, 1166-

45, 6, 47,24, 5815, 63, 11. 1827, 6666611116 70, 5.

651826, *81, 3, 92, 16, 98,4, neeesse 6616. coni. 64, 19, 76, 13,

162, 3. 8, Oros. 156, 8. n. 666. 61 165672, 4, Oros. 151,11.
munus 48, 8, 92, 9, 166,17,161111 nenessitas 34, 7, 35, 19, 1103, nee·

muneris dens 76, 21 61 9212. cessitas 48, 6, 61,16.
muscipula 48, 1, 73, 8, cf. 11666666, 1166116 (coniungunt 51,10.

11. 61 U .p.218. 1161611116 24, 7, eomp. 661616. nefarius
mutatio 10,1 ,87,3. 23, 3.

11111116 105, 5. 116166 23, 24, 27, 11, 30, 16, 38, 8,
myritis lapis 24, 23, ef. 14661. f. 161. 4312. ι

Leo. 111, 327. negare 22, 1. 5; 29, 7, 36, 16, 54, 5;·-···
mysterium 8, 2. 8, 52, 16, 56, 23, 55, 9, - non negare 31, 13, 51, 1

71,13, 7817, 79,18, 8424, ef. 15; 55, 11, 66, 7, 98, 24, 105, 6.

ministerium. neglegens Oros. 154, 9.

1161116 13, 26, 17, 25, 24, 16, 2116,
11611121,7,34,19,41,21,43,7,48,1,49,8, 35, 16. 17 ter. 18, 39, 26, 41, 1,
52, 5, 56, 12, 77,17, 83, 12, 99, 22. 42, 20, 43, 4, nemo 6661111111 35,

 

