XXII

lex ε 1) 1310, 14,13.22,31,30,
33, 9, 46, 19, 55, 22 (7), 59,3. 16,
659, 66,6,71,21,73,14,81,7,
8314. 18, 84, 2. 13. 14. 25, 857,
88, 7, 89, 2, 98, 5, 99,14, 103,
11. 13, [4,18, 23, 23]

2) 9, 26, 12,·5, 252, 27, 27,
28, 26, 31, 13, 35, 4, 40, 26 , 42,
4.15,45,3, 5220, 60,12,61,16,
67,23,72,1,85,11,92,4,93,1.11,
97,9, 98, 5. 20, 100,2.13, 101,8

1010 1) 43, 9, 57, 6, 77, 5, [94,
14, 101, 21]
lexU 1) 19, 17, 23, 20, 42, 14,
59, 6, 85, 6, 99, 23, 104, 10
2) 10217

mexR 1)84,12;ef. 58,3
Nou 1) 6321

Nemavwhw
aedffihfflfflv
omvwaeamfflmw

ο del. 1) 77, 5, 93, 5, 94, 20
oex Α 1) 71,18, cf. 74,1
oexe 1) 69,13, 7516, 84,25,87,3

oex 1 1) 6, 10, 54, 6,58, 20, 81, 13
2) 72,9
oexll 1) 8,13.17, 12, 22, 23,22;
28, 8, 41, 23, 43, 3, 53, 21, 59,
12, 60, 22, 61,1. 16, 77,20,
80, 7, 88, 2. 4, 94,7
2) 76, 24, 94, 23

ΙΝ add. 1) 21,13, 30, 21, 37, 19, p add. 1) 3514, 751, 79,2

90, 6, 93, 19, 95, 25
2) 20, 7, 30, 22, 40, 27, 82,
4, 87,17, 93,1
,Ν del. 1) 4212, 53, 16. 26, 80,4
2) 60,6, 61, 1, 62, 12, 79,20;
cf. 95, 1
13 add. 1) 81, 7, of. 28, 24, 87, 19

oemvwm9
1358501

1102515956γ
mmm
[o add. 1) 95, 4, ef. 91,4

(η add. 1) 2813, 40,14, (53, 25),
63, 12, 72, 6, 92, 14
2) 5, 9, 25, 22, 27, 21048,
41, 20, 524, 38,7, 96,19
(11001. 1) 5, 9, 56, 7, 59, 18, 87,
19, 88, 7, 93, 21, 98, 6, [35 19]
m ,ιε 1) 57, 14, cf. 75, 12
2) 74,]
Ν add. 1) 21, 15, 63, 21 668, 6415,
73, 22, 87,11, 95, 1,103, 12,
[9, 17, 26, 11]

Ν del. 1) 19, 25; 99, 11
2) 4512, 54, 10

mfflbvffim

R add. 1) 14, 9, 73, 19, 97, 11,98,4
2) 62, 10

mmmmm

⁸101 Ν 1) 35, 14, 74, 23
Rexs 1) 43, 8, 77, 25
Rex11) - 2) 79,25

Re add. 1)4,15; 3527, 40,15,87,4
2) 35424, 101, 12
Re del. 1) 74,14
2) 88,5
S add. 1) 18, 15; 22, 13, 52, 12, 68, 9,
71,4,73,13, 77, 5, 84, 3, [14, 8];
- s in fine uocabuli in rasura
43, 8, 6313, 9519, 9524, 98,2,
100,19
2) 67, 21, 79,14
sdel. 1) 3, 9, 53, 16, 75, 12, 38,
819, 90,7, 959, 102,1
2) 37, 20 , 66, 20

Sexb 1) 67,]
Sexm 1) 24, 6, 29, 8, 61,5

SexR 1) 1211
2) 79, 20 , 104, 24

Seu 1) 43, 1, 6512, 91,2 7
Se add. 1) (32, 9), 50,14, 66,1

 

