216 Index

1811835,16139,24140,151181 42191 8811184,1115,5134,18158,18166,18;
43, 31 53,1. 71,151 73,21 74, 12183121 85, 2.
rex 881 11 omne quod uidetur 2651 salutaris 37, 8; 58, 21.
- 102, 13. sanare 33,11; 38,16.
ridere stultitias saeculares 14,11. sanctificare 18, 171 100, 201 101, 23.
rigare (1818111118131301 08181522. sanctificatio 18, l.
ritus 14,17 sanctitas Oros. 151, 51 157, 10.
618214163,17196,201111859,2 88881118 11, 212 26, 16, 11 30, 191
111111 111111111111
sumu e ui m us 1
rogaut54, 22. 105,]11- 153,1411[.11111.1811111.
118 Oros 157,15 sanguis 47,11.241 51,141 77, 7 141
1118 geniturae 26, 21 79, 18. 241 81, 6.
rudimenta prima acceptae fidei 13, 14 sapiens 65,16.
mussas 8111.1811111111,1;,11,11;181111131 111 ,
ruere 111 alqm 41,4. 75,61 78101- 15311. 5¹1¹?
11816618111 11111 1111118181, 19.
rursus 481 satanas 18, 151 99,;5 131, 20.
atmwffiw
8 pascuaticum (1111111111), 1111118811. 1. 11. satietas ll, 15.
11.(111) 88118 5215 71,18.
sabbatizate 1118861662 8811868114 5 33 7
sabbatum 65, 221 68, 8. 88181818 24, 14.
sacculus 17, 4. 5. saxeus 24, 10.
sacerdos (= episcopus) 3, 61 12, 201 scaenae ludibria 45,14.
14, 51 33. 71 39, 281 40, 26 55,· scandalizare 46,18. “
41, 111 42, 221 43, 9. 11. 131118. 8888681181 26, 21 27,291 34, 191 44, 4.
sacerdotalis reuerentia 40, 22. 8181118 5, 101 89, 2.
sacerdotium 39, 14146241422226. schisma 44, 41 cf. sciam.
88818 lectio 87,16. · 88181118 86141 88, 121 105, 4.
sacra, otum 14,17. scilicet 41, 61 63, 61 77,11.
sacramentum 8,7; 71, 133 118, 31 886888111881118,11111117,11.1718, 131
121,11128,2. 9126 8811. 8. ias. 13,·14, 16, 131
8881861818, 10. 65,13 82,17811111188,1319,261
888116811111777 1021 12 2081 ,qu0d16,1; 38, 71
sacrilegium 7, 25· 23, 2 2413618152,71(111111181117,17183,17 8818118
54, 23· 56, 17. conscientiam 55, 13
sacrildgus46,26; 56, 3. 21. 881868118110241221012418 26,2,
saecularis 14, 9. 12; 22181 35, 11 27, 27.
51111 7811111891 93, 22; 95, 181 scribere saeuissime, uelut 28 41 31, 281
ex sec. corr. 83, 1. 33, 2140, 101 50, 41 52, 2318861181
8888111184, 91 5, 2. 22 ; 12221 16, 71 38, 12. 131 40, 221 - scribtum est
32, 31 36, 31 41, 171 45, 6. 151 (acl scribta suut) 126 1111818111
581111611183,14114,11;65,17. 3, 131 5,11; 6, 3. 201 8, 151 12, 231
281 68, 91 71, 201 73, 211 74, 231 13,24114,3.20;-88681111111711118,
77,4. 19. 25178, 2151 79, 23. 27 11811110,4111,35124,5.;112519
81,4. 81 91,71 92171 93, 2. 10. 20, - cf. conscribt' 111, inscribt t,um per-
96, 271 99, 6. 8. 12. 211 102, 10 scribsit, 1888611116, superscribtio,
sagax 109, 101 110, 6. 8118865118.
saluere 28, 6; 60, 181 66, 61 77, 161886111111111, i= 1118143101 - scrip-
95,14; 97, 91 100,51 101, 2. 22 111111, 147, 17
102618. 881188182811818,11111115,6114,81
salustio 61, 12. 15, 512211-8811111111811 11818
8811181815,121,;,1,1285494833 -,1545.Ι 11811117,1018,.713,18,2

 

