69, 91, 669, 61, 19, 66, 1, 91,
16, [96,19]
9)6,19,6,19,19,19,14,14,
966,99,11,41,96;46,14,49,16,
49,1, 61, 11. 19, 19, 99, 16, 19.
19, 966, 96, 14, 99, 19, 199, 96
uu 11111111 1) 6,19, 11,11

oux 11 1) 40,17; 41,15) 59,19
ou additur 1) 416

or additur 1) 30, 5) ci. 8,18

61) additur 1) 53, 24) 81, 1) 91, 3

c 11111111) 61, 9, 944
9) 6916, 66, 99, 91,6

c 11111111)119,16),19,19,[199,14]
9) 611

ce additur 1) 99, 96

ct additur 1) 6919, of. 29,9
δ additur 1) - 2) 105, 17

9119191111 1) 10, 6) 53, 3) 83, 25)
[surr]
11111 1) 664, 91, 16
9) 196, 19
δε additur 1) 99, 16, 49, 99

δε deretur 1) 66,)

ε 6111111111 1) 20, 23) 48,18)72,25)
83, 9) [78, 23]
2) 101, 25

ε deletur 1) (38, 5)) 54,1
2) 56,10) 78, 20
86124 1) 24, 3) [70, 111]
2) 21, 21) 56, 19
ε91 ΑΕ 1) 4,9) 28, 11) 696) 62,4)
70, 20) 8310) 95, 24) 97,18;
101, 3. 25) [4, 14) 69, 89]
2) 54,15)59,20) 67,23) 74,20

ε ex 1 (oum librarius iu textu semper
unciali quas dieitur 1911116 11161111
ε, iu his correcturis saepissime
capitalis forma ε apparet 116, ut
611 1 19111199 lineolae appiutse sint)
1) 4, 5) 7, 8)23, 3) 28, 21) 29,5)

32, 14) 34, 3) 47, 4) 48, 18) 57,

xxl

15. 16) 62, 3) 64, 9) 65, 6(3). 7)
66, 9) 71, 8) 72,2) 73, 22) 77, 1)
83, 11) 84, 3) 85, 4. 7) 88, 18;
90, 6) 92, 3. 17) 93, 19) 94, 10.
23) 95, 7. 12) 96, 11. 25) 98, 17)
100, 9. 19) 163, 8) [4, 19 ) 24,17)
70, 8) 93, 20]

2) 4,18) 14, 14) 15, 20) 18,
30. 31 1119) 23, 3) 33, 12) 42, 14.
15 bis· 45, 11226411 49, 3) 51,
20) 55, 24) 57, 14) 64, 8) 75, 15.
18) 79,2) 81, 16) 83, 21) 85,3)
88, 7) 94, 22) 109, 6) 10311

eoxo 1) 58,7) 71, 7) 85,8)88,21

eoru 1) 24, 11) 78, 20) (8416)
εκ additur 1) (60, 5) ) 93,3
εκ deletur 1) 286

6611116111) 99, 4, 64, 19, 999,
addideras 1) 66, 19

Εἴ additur 1) 20, 14)26,11)29,15)
71,19) 72, 8) 74, 9) 9912) 98,
23) tf. 104,8 ·

2) 44, 2) 60, 5) 65, 27

ετ deletur 1) 77,16) 83, 3. 25
2) 30,15

etex 111 1) 916, 9616
ce additur 1) 70,8
b 1111111111) 1994, 11. 996
b 11161111) 99,19

l additur 1) 8, 13) 19,18) (23, 24))
32, 15) (55, 23)) 58, 4) 62, 13 )
67, 113) 71, 4) 72, 7) 74, 25)
(77, 5)) 83, 6. 23) 88, 2

2) 42, 22) 60, 8

l del. 1) 7, 2) 15, 12) 21, 19) 26, 25)
36, 23) 54, 1) 56, 7) 57, 11) 58, 4)
6914119,11,19,(90,19),93,1;
88‚l7; 91, 3. 4916. 5) 95, 4)96,25

tex Α 1) 66, 15) 76,9) 94, 20) 95,4)
99, 20

2) 51, 25

 

