190 11181

3816, 3818, 3814( (iss symboloycursus 8111 65,6, lunaris 78,.4
87181),38,8.17,45,8,49,10,8181811837,18,45,85,58,17,81,.5.
581, 55188, 5615 661081 8116811111 1619

6913, 75,11·(,98,117),99,9, -in cyparissus (y 18888.) 18, 16.

8188138813, -118.1α67,,38

19..80(Ι1811787 11611811), 4618 Daemones 7,4, 17, 30, 18, 80, 19, 3,

6666ucpuu
8Μ88181Μ8888

8818188818888.81,,6381,818,3910154,180.,85

(115, 8), ,88, 1881181811 88· 188-
1818188878, 1818, 86, 85

68, 6, 166, 18, 69,,3 789 'credere’ (daemonum siue ,8888888198 85,

7111811588.
crepides 1118 61, 5
crescere 68178983.

Oros. 156, 4),- -1881181188, 14,
1886, 83, 6, 77,10, 988188118-
niorum8,;4.20 13, 3. 12.;23 9815

crimen 35, 18, 48, 13. 81, 53, 18, 889. daemoniaca 1811881818 6, 85, 381 81, ·-
crucifixus, 83· 881, 38,,1 36, 83, 18,,3 7817.

crudelis 8819.

damnabilis 8883, 5813, 5818.

88118888181--168188811811817,8.1811118183,8.11,5,,8 183, 88, 14,
88818, 87111,133,,7 3511,7
361, 37180, 38161788, 39,1.1
81408414481381881.
18,5
8118.

cruentus 4718815818.
8111817815.

811186, 6, ·,4415, ·60,6, ·’788 ,79,83,

100 4111 crucem 111181117315.

8116111181 111188 cubitum, 1) 8715, cs. 471 80, 1114181
Balteus, 11. 8108791261, 11181818, 1116181 58

par ,18111888 7718886, ,416

83144, ,8.113. 16, 4810,
8371181, 51,Ιο
18198088,

88831

culpe 6, 17, 5813, 98, 1111- Oros. 1811111118 46,

156, 8
culpabilis 53, 1.

81118188 851.
cultura 0188, 158, 4.

1818 31, 18, 1311ἵ131, 9, 34, 8, 35, 19, 39,

85· 1481 851, 48 88 43·,1078’8,·
467, 58,,16 581380, 55,1,5
685,64,80,74,83,79,88,94,13,

cume. coci saepissime, 887815, 11, 6, 95, 18, 108,,5 181811 818 spiri-
18.,807,9,1,.·48(1818,18133145, 1111111188 10415
581.,) -8118118 28, 4861881111- datius, cf. 81111818- -inimicus, dignus

dis cc ostenderiscorr

104, 7.

ceuceu
-ruuffucum6

3910 4834696888 478,

1881818888
8888888888,
ussumuuneffi

-11111111118, germanus, 81111118, senc·
1118, 188118- 1818111181111888181116118),
- 18181818, adquiescere, communi-
care, interesse, iubere, renuntiare.
- 01111818 8161118 sum 8111817817,
stultitius 8181111118, 88,(81188181
sol 1181111118188111111111111117883,
- 811411 ex nouo ingeniis repperi-
11114 8

547, ·1158 817, ·,683 69,4, 188 83, 18 sce ’8111181 pro pere: testatio de
cum’quibu63, 110, 84,,3 1861181111 cs. professione 40, 6, (plurimi

15, 14,415·11811181811111801,14,8881111

3819, 8111868111818118181. 1,73 16
cunae 66, 3, 77, 15

(11118113, 101, 56, 13, 66, 4, 75, 81,

οηρ1111118111111181118118 84, 1, - 92, 10;
81113111, 18131, 865, 96, 81861881, 811),

1111118 eoric. 181 111, 16 ct 152, ll.

cura pro 0111181855,80,811181811811-
81611111118118171111. 16

18 clericis 39, 87)· 81118 181811-
6118791681,-,11.οιι67 solede
gersussione 4181117, 5814,-
8 84816 481, 19,7418
-de= 88148,10,143,1,708881
155,13;- cieberis 11811118
81, 1· ,(19, 84), 78, 19, 98, 15), ·-
181618 de apocryfis 18811 43, 14,
18 scribturis quaeritur 18 riobis
sententis 41 83, de propicio inimici
transitu (d6pmp 1),77 81,- 18
quo saepissime, 8188888118-

 

