nerbcrnm 61 locutionum.

28, 5, 33,10, 36, 4, 38,6,46,10, lapis 2412, 79, 151

47,26,50,14,51,2461.,91,11,- 161616 22, 18.

id quidquid 27, 11 , abcedat 74,19; latina 1111616 26, 4.

110, 9, 111,3, 66 quod cf. quod; latius eloqui 6,16.

- cs. idest. 16116 74, 20.
istc 7, 4, 9,17, 40,11.25,47,10.19, lauacrum 61, 34, 20.

48, 7, 49, 26, 74, 24, Oros. 15519. 16116 44, 15.

116 4, 9, 21, 19, 232, 34, 18, 36, 13, 161616 11 alqd 58, 9, 94, 24.

43,4, 62, 5, 70, 18, 72, 5,82,12, 166 = 166666 9, 6.

15, 83, 16, 100, 14, 102,17. lectio 16616 65, 2, 67,12, 72, 21, 80,
1166666166, 6666.7666666.,-61116116111 5. 17, 87, 16, 89, 5.
1161· amc cc

a. e’; ci, 1;' 11. ni ' ’ 66, 6, 24, s.’1c;’ ec} 6;’66,’16;’ ,
itemque 49, 7. 35, 2, in 61116623,24,11611 legentes
iter 3, 4, 4,19; 6, 2, 20, 18, 32, 6, dicente Moyse 38,10; in canonem

33, 1, 34, 3, 37, 18, 5418, 61,1.6, legere 48, 7, (cp ,49, 23),

71, 15, 77,1, 85, 8, 91,10, 100, 10 , 1611116 (ecc lin. 6661.) esino molliore 77‚1.

101,23. 966.11111611648,11,116116116 lenis: leniori (acclinem) 611116 mol·

101, 8 et 101,19. 116116 100,10.
iterum 5,16; 6, 23, 11, 21, 22, 3, 166 26,13.

3620, 57, 8, 94, 16, 96, 16,97,21. 161 55, 23, 71, 14, 72, 8, 73, 11, 77,2,
iubere 611661. 4, 2, 6. ins. 78, 4, 11111616 78, 12, 81, 5, 83, 3, 86,14, 9823,

111 78, 27, 6. 1161. 134,1. 100, 23.
index 3513, 41, 6, 70,17, 83, 10. libellus 3, 8. 9, 3512, 38, 7, 39, 26,
1111116616 1619, (1611161661) 19, 5, (dc) 41,19.

37, 5, 41, 15. 19, 63, 19. 111161,11111139,11,6ἀ43,14,46,2.3.22,
iudicium 22, 18. 19, 41,12. 17, 46,11, 47, 13, 48, 13, 50, 12. 18, 51, 22.

55, 21; 80, 21, 81, 6. 23, 52,3.16, 55,13, liber doctrinae
iumenta 71,12. caelestis 81, 9.
iungere 47, 2, 54, 7, 63, 4, 87, 3. liber ab alqa 16 60, 16, 88,16,92,11,
1116 51, 27. 1111616 fides 3, 4, libera 6616611111
iussa euangelica 35, 23, diuin. man· Christe heminis 1161 97, 9, liber

datorum 65, 26. (16161 98, 5.
11166111 61, 7, 104, 1921. 26. 11161616 63, 3, 94, 1.
iustificare 13, 22, 70,12. libere 32, 16.
16611116 8814. liberi 36, 2.
iustus 27, 10, 41, 15, 46, 711), 85, 16. libertas 55, 14, 75, 1, 78, 10, 88, 14.
iuuenalis = incentha 129, 2. libet exclamare 52, 25; 6161161655]
iuxta = 6661616166 35, 23, 85,10, 61918.

109, 7. 9, 12412, 0166. 156, 12. libido 29, 5.

116616 30, 17, 52, 25.

Labi 62, 9. 11661 6. cocci. 4, 3, 6, 11, 34, 83 3613,
labium 11, 23, 42, 21, 4916, 69, 9, 80, 25, 86, 4,
labor 51, 23, 53, 6, 8614, 9018. - sapientia saeculari licet adhuc
laborare in opus Christi 6415, in 66 166111661161116(61Ρ1111616.11)14,10.

66, 7, ut 87, 6, in Eirem 61 Ma· ligare (66 legare corr.) 46, 19 ; cf.

nasse 102, 4. obligare.
laetitia 72, 22. lignum 7915.

16161 40, 5. 20, pest professionem pe· liminaria 79,14.21.

tantur ad sacerdotium 40, 24, - limus 19, 24, 21, 1, 65, 20, 73, 5,
’ 42, 21. 23, 135, 8. 9815.
lampas 24, 25. lingna 26, 6, 27, 17 ; 54,14.
languescere 90, 6. linteamen 19, 9.
lapideus 24, 11. 111161626,4.8;1111616640,2 ,43,1,110,3.

 

