uerborum et locutionum. 193

disputare 48, 22, 49, 1. 21, qen. pl. (101110 683, 79, 27, 80, 8, nen. de·

part. disputentum 63,10. mus 79,11 1110, (10110 32,19.
disrumpere 15, 15; 59, 13, 93, 1, ex (1011000. ised. 0100. 152,12.

dirr. 0011. 12,11. (1100110 91,1.
dissectus 47,19. (11000 9, 2, 11, 19. 22, 13, 10 , 15, 6,
(110001101010 72,14. 18, 8. 14.
dissentire 3016. (1111101οε 101 dubito quemquam esse
dissimulare 40, 29. dicturum 53, 2.

(1100011010 23, 19 , 67,15. dubius 8, 6, 64, 4, 115, 7.

dissonus 74, 24, 113, 9. (1100101101 11, 22.

distinguere: (110111011011 104,13. ducatus, us 102, 6.

distribuere 104, 25. ducere (00 (110. 0011.) 27,11, 49,15,
districtus 70,14. magnifiee (ι-010901100010) 87, 5.
distringere 70,19. dum 0. ind. praee. saepissime, 00101
(1101110110 (0101 districtio) 61,16. 5, 8, 6,17; 45, 11.15; 48, 16, 20,
distruere 6,15; 26, 21, 52, 5, 71, 10, ω 101, 9, 0. coni. imperf. 98, 4.

76, 1,97,16, 10210, distrueximns (110 721215, 79,6, 8425, 95,17 010,

95, 2, sed distruxieti 97, 4, - de· 98,11. 18, 99, 5 , 101, 2. 13, 10319.

0111010 70, 10 , 74,5,119,6, 124, 2, duedecim 81, 10.

125, 6, 137,1.16, 146,18. (10101οε00000 40, 4.
ditare 79,19; 83, 3. (1111110 petrarum 54,12.
diu 99, 20. durus 104, 24.
diuersus 36, 12, 41, 7, 42, 14, 49, 17, (111 in Istrahel 31, 6.

63, 10, 71, 18, 74, 24, 99, 19;

' 10312. · 11, ef. Ae. “
diues 91, 2. 3. , 0, 01 0000100100, 0010120, 14; 23,
11110110 105, 2. 10, 11, 32, 3, pro 0000 101110 0
diuidere 5, 8, 38, 9, 49, 10, 60, 22, nestris35,11; multi 01 his 40, 24 ;

64, 14 ; 65, 9, 70, 9, 72, 8. 14, 0 00 01 his 52, 25, quisquam 01

73, 7, 75, 21, 76, 17 , 9819, 101, Eis 53,3; 011111 011110 74, 10,-,110

11, 102, 2. a:e synhodo reuersus 39, 23, -— 01
diuinitas 75,13. 111111101000101038,16,-οος100-
diuinus saepissime, 00101 5, 8, 8, 2. 0010, (1100010 39, 5, 43, 8, sermo

4. 12, 16, 8, 22, 11. 18, 57, 6. omnis 01 00101 001 70, 5, 01 00

1113, 60,19; 00φο cessimque 53, 17, 104, 15. 18, 1011100 dee

0011 ‘genus iudicium, 101101100, Christo 93, 3, 01 Μ, uirgine 01

101110, opus, 001110, uirtus’. spir. s. (111 symb.) 36,17; Christo
doeere 23,17; 56,1, 57, 3, 72, 21, 010101100111110110111010 moriente

88,5; 92,9; 94, 25, 98,7 , 11 103,6. 71, 2; 0 contrarie 89, 5; 01 1000
(100101 23, 6, 39,11, 42, 3, 126, 18, 44, 8, 01 abundanti (1100101)

Oros. 152, 18. 49, 16, ere 111, 1.
1100111007,24,22,13,37,18;38,5; eene 9, 3. 8. ll. 13, 12, 23, 19, 4. 13,

81, 9, 92, 7, 95, 13, 97, 18, 101, 20, 16, 26,17, 27, 24, 32, 25, 36,

4. 22, (10011110 0010· (= I. Tim. 18, 37, 4, 44, 16, 49, 28, 5016.

1, 10) 109, 10 01 0100. 155, 12. 20; 51, 6, 58, 20, 66, 8, 72, 17,
dogma 5, 7, 23, 18, 30, 17 ; 33, 8, 97, 11 , - nonne eeee 51, 2.

37, 19; 63, 10, (100110 3, 8. 11. 00010010100100100011111015,10, 17,19,
(10101 39, 22, 85, 1, 98, 5. 30, 6, 31, 29, 35, 4. 25, 391023.
domesticus 33,13. 24. 25; 40, 3.7.16; 41, 6. 7, 42,
domicilium 82, 19. 17, 43, 13010 ,55, 10, 68,1, eeclesia
dominari 0. qen. 27,1, - 95,1. 99, 6, 103, 4, 119, 23, 130, 6,
(1011110110 60, 6. 133,12, 136, 6, 139, 3, - 0010010-
(1011111010 78, 16. 011010 35,10;39,24; 51,18; 129,11.
dominus saepissime, 00101 7, 6, 23, 8, 000010, uid. praef. 0. II 01 110110. 101.

26, 5, 38,11, 54, 4. 011010 85, l.

11111. essem. 13

 

