202 16661

insigne germanum 191, 3, insignia intra 57,10, 58, 7, 16317, 104,2
passionis 44,13. (11. l. cum 661).
1nsmuare,;.. ;‚;‚;a‚;
insipiens 4, 9, 38, 24. 67,12, 93,11, 97, 3, - 66, 15,
1661166 42, 27. 90, 13.
16661116669,13,94,23,(666.611“66161,1). intremescere 46, 17.
16666661696616116 26, 16. 1666611666 5665.18
166 , . 16 neers , .
instituere 7, 25, 16, 1, 82, 3, 83, 20, introitus 79, 22.
100, 11. introspicere 106, 7.
institutio 56, 21, 57, 6, 72, 7.13, intueri 76, 11, 87, 16.
78,11. 16666616 16 pleraque 5l, 25.
institutum 6, 12, 7, 19, 22,16. 14, inueniabilis 6116146.
35, 26, 37, 18, 39, 11, 56, 14, 16666116 46, 24, 49, 26, 561215,
64, 17, 65, 16, 71,16, 93, 16. 51, 19. 26, 64, 14, 66, 22, 71, 24,
instructio ingenii 14,12. 75,12; 79, 8, 83,4. 17, 86, 7. 8,
166116616 79, 15. 94, 14, 99, 9, 162, 7, 16319,
intellectus 12,1, 13, 26, 14, 4, 67,11, 164, 8.
76, 9, 85, 11, 94, 20, 95, 14. inuestigsbilis 116, 9.
intellegentia 69, 8. 11, 76, 1, 72, 5, inuicem 96, 4, 616 16616616 127, 3.
74, 25, 77, 1, 94, 6. 10, 95, 15, 1661611666639,16, of. iad. renim.
96,5; 97, 5. 26,100, 8. 16, 164, 2. 16616616 oum 1166. 52, 4, 55, 6, -
intellegere 8,16; 9, 16. 17. ,11,26, c. dut. 54, 27.
12, 4. 22, 13, 24, , ,19,21, inuidia 31, 24, 339, 55,2; 88, 3,

76,7.8, 71,2. 12 (6172, 1, 73, 18,112,12,116,2.
1. 2. 18, 75318, 77, ,7 ,8.22, inuisibilitas 163, 6.
86,1.5,14,83,7.11. , ,22, inuisus=uusioiitbur17,6(=-··Siruo.
90,18; 92,15; 93, 4, 97, 7, 99,1, 41, 17).
10613, 162, 15 (mro 16668311 inuitus 119,11.
ex intelligere corr). inuolutus 64, 4.
intem orabilis 78, 22. inutilis 14,10;
intentiore 87,14. 1666 saepissima 1161111, 4,12, 5, 3. 4.
intenebratus 65, 8, 164, 23. 21, 6, 19. 23, 9, 3, ll, 18. 21 , -
intentio 87,11, 99,11. 1666 661 qui 5, 21 , 25, 4, 26, 11.
interminium inter 11666 (661 illa 14. 19. 23, 29, 16, 36,1 61, -
11611616) 35,11.21,46,11,51,21, interdum = 16661111 28, 5. 19,
74, 24, inter quae 21, 6, 23, 22, 31,15al.; — 611666(161616661τ-
39, 8, 46, 8, 51,15, 86, 25, 16161 idem) 8, 23; 10, 17, 13, 4, 31, 4,
66 65, 4, 98, 3, 104,14. 3919, 66, 25, 71, 8, 72, 7, 74,
intercipere 32, 15. 6 61, - 61 seipse 53, 17, 164, 18,
interesse 43, 11, nihil interest diabolo sibimet 16616 obiciunt 6‚19; sibimet
95, 4. « 1661 blandientes 63,13; - uena.
16161666 103, 17. 16666 125,14.
interpolare 22, ll. ira 84,1.
1616161661611666666666.27,26,3620, 116 6616166616 6,10, 23, 9, 38, 3, -
- 34, 5. 116 66 40,11,-111615,20,26, 19,
interpraetatio 8, 16, 9, 26, 24, 7, 96, 5, transiet et similia 24, 23;
56, 13. 26, 69, 10, 87, 9. 49, 24, 62, 13.
iuterropoudi formulae rariores: quo· 16 666666166616666166666666616 qui:
niam ω66611166ο54, 12—14; quo· 3, 5; 21, 13; 27, 9, 28, 3. 11, 33, 6,
niam m qualiter 55, 24, 661 pro 38, 16; 47, 2, 4812, 49, 20, 9823,
66,6[”.661,-11161’661,1”61”616116661 141, 20, 144, 18 61, - ea quse
obliqua, os. modi. 6, 15. 18, 9, 25, 22, 19, 23, 11,

 

