222 . Index

uictrix militia 95, 22. Ι 73, 7. 16, 77, 8, 81, 4, 83, 14, 84,
516005 = 50705 50, 25, 51, 7. 22, 95, 20, 96. 8.26; 9812, 102,
uidere 3, 6, 40, 12, 44, 10. 15,54,10, 13, uitiorum bella 92, 11, 96, 22,
03, 9, 84, 25, 93, 16, 0516, 15 morum uitia 12, 23, moros (006.
cunonem 592 sed 15 05500550, 51015)511101·55115,13.
1190155000 uidetur: uisi- uitulus 10, 22, 11, 2.
6111020,5,64,12,550550 uidentur uiuere 14, 8, 15, 20, 19, 2, 28, 26,
785, ems, 20 (et 70, 3. 14), uideri 35, 20, 39, 17, 41, 21, 71, 21, 78,
3, 11, 47,12; 49, 21, 52, 23, 87, 25, 81, 6, 82, 6, 93, 10.
17, 104,1. 51555 6, 21, 34, 20, 104, 18.
uiduars 43,13. uix 52, 21.
uigiliae 80, 10. 51155 23, 23, 91, 5, 104, 6.
uincere 491719, 60, 7, 61, 10, 65, 51110 4512.
27, 7924, 78, 13101821, 92, ultra 53, 4, 74,16, 97, 5, 147, 7,
814, 9923, 101, 24. 26: 102, 9, cs. Arch. f. 101. Les. IV, 377.
- uictus 26, 24, 60, 13, a uiuet. ululare 17, 9.
uorr.19,25; [uincire (?): iu 05 quas umquam 56, 2.
uidentur omnis homo uincitur? undu 39, 22615, 56,20,87,15,93,2,
(5111011507) 78, 5, sed inquibus 101,16.
homo uincitur 78, 11 sq.] unguentum maledieti 24, 2.
uinculum 24, 22, 44,14. 5111001515 24, 12, 27, 3.
uindicta 10,20; 51,14, 101,11,146,19. 551055 57, 13, 998 = 9413 = 104, 3.
uinea 6918. 5510 Oros. 15419.
uipera 23, 8. unitus 7, 16, 18, 30, 34,17, 102,
uir = maritus 19,6, 2914292921, 17 bis,- inopus 103, 19, in uirtute
religiosus 40, 9, spectabilis 41, 2. cx in uirtubsm corr. 5, 9.
uirsrs 85,11. uniuersus 65‚8; 71,23, 73,16; 75,9,
uirginulis 53, 25, 73, 13, 77,13. 96, 22, 101, 22.
uirginitas 74, 25; 101, 10. unumquid 77, 6, 105,1.
uirgo 27,24; 36, 17. 18, 5924, 74, 5555 saepissime, 50101 3,10; 5, 6,
22. 23, 101, 25, 154, 15. 7, 6. 9. 10, saepe apud ‘dsus'‚ 06110
uirtus 5‚9; 27, 16344,9;46,7;65‚7; 5, 7. 17, 7, 5. 10, 3417, 35, 10,
67, 12, 69, 4, 94, 22, 103, 10, 36, 14, 37, 23, 49, 3. 10, 62, 11,
104,12. 66, 2151, reete unius rei 66, 14 ;
uirtutifisatio 104, 12. 551 rei 45, 20 (opp. nullas, solae);
uirus 88, 3. unusmuter 51, 850 ., uuusw
uis 28, 26. 51155 98,19; 5555νν 101ω51155
uiscera 54, 21, 98, 5, 123, 16. 23, 12, - haee triu in unum sunt
515161115697.13, 70, 3, 8912, 94, 0, 6, 6. tr. uuum suut 6, 8, cs.
uisibilitas 1097. ’ uuusquisque 13, 21 , 66, 6, 97, 6, 111,
51510 915, 5913. 4. 15, 112, 6, 128, 18, 145, 3,
51555 oculorum 101, 9, 104, 24. cf. unumquid.
uita 3,3; 4, 12,5, 324, 7, 9;l5‚26; uocare 8,7,41,5,73,1;78,25,100,6,
18, 29, 3912, 34, 11, ,4613 uocatus 4, 10, quis 50051 per 50
18. 21. 27, 39, 15 , 40, , 43, 10, 50015551 (cf. 0. p. Hom. 8 293 τ1 με
44, 11, 45, 24, 54, , 55, 23, σπεύδοντα καὶ αυτὸν ὀτρύνεις) 82, 13,
57, 4, 691, 65, 12 , 75, 8, 83, 2. uocatis diuersa 3912 et 103, 12,
1016, 8512, 88, 9. 21, 90, 19 , 5015611155 8,10, 195.
91, 9, 92‚10.16; 93, 11, 95, 5, 5015005 76, 19, peu. pl. uolucrum
96,9;99,7; 101, 5, 102, 15 , 104,15. 923, 76, 26.
uitare 9, 16, 100, 3. uoluntarium opus 78, 10, 105550155-
51615 (505555), uitim ex uitem corr. turia 67,14, paupertas 12518.
14, 22, — 6619. uoluntas 24, 8, 48, 15, 54, 27, 55,
uitium 1920, 3914, 60, 2, 70, 14, 20, 64, 16, 65, 28, 7913, 89,

 

