Priscillianeae.

52
54

58

59

60

(61)

62 10, 220111 mihi
10, 32
11, 1
11, 3

66 11, 7

(67, 0410 11, 16

(685Ηο 11,18

69,(ω1.101.6911,23

70 11,31

71 11,33

72 12, 1

73 12, 5

74 12, 31

75 13, 9

76 1512

77 14, l

78 14,29

79 1434 non

80 1537

81 15, 1

82 15, 9

83 1512

84 1519

85 1520

86 1521

87 1522 ita

88 1524

89 1528 ut

90 1531

91 1532 manduc.

92 1534

93 1536

94 1546

95 1550

96 1552

(97) 3

98 1556

99 16, 1

100 16, 8

101 16,10

102 1513

103 16, 13 confort.

104 1517

105 16, 18 cognosc.

4, 6451111111]
4, 7 ut subl

Qoeqezoe

&motu—⁵
Ξ

,tamquam
uos

2—-D—* ..dn—np—an—-n—-n—-pd

ωωωωσῧ

ideo

p—a.

in hanc
non sol.

ΙΙΙΙΙΙΙΙΙΙΙ111ΙΙ111111ΙΙΙΙΙΙΙΙΙΙΙΙΙΙΙΙΙΙΙΙ

'gg->²950 00 009090 *5³55 Φ 9991391&:5·—2·=:⁸—
⁵—-

10,16 nonin
11, 2desp0ndi
11, 4
11, 7
11, 11
11,21 in quo
12, 1
12, 7

ΙΙΙΙΙΙΙΙΙΙ
ΙΙΙΙΙΙΙΙΙ

 

