192 16111

desecandae (16 (111611. sorr.) 111611 (111161, 61 98, 1.
1611117620, didymus domini 44,12.

(111116111131,4,135,21,186,13. (1111161,1’1111111,6176126,22, 43,12,

“ (111116111115,14, 27, 16, 41,18, 71,6, 55, 23, 67, 20, 73, 6. 12. 211, penes.
89,4 1111.,,52437.,111616.,3925,,57

desigdnresym bolum49,1 15, 60,,18 ·6,l 2. 7 ,dies=penet.?

(111111166116116661721 6191111117. 80,12(1,1’ 6661616661,

despererp 32,14. 378),-61.666.1161,1111161161.651

desperatio 885, 81,4. (1111616666 10 16, 71,.4

despicereeoedispieerdcpm 73, 22, 96, (11116116 (16 (111 16 (111579.

251198, 17 disp 11166111. 59, 16. (11161166615,25,18,10, 74,26,146,6.

destitutus 0111115417. (113116118717,

destruere isid. (11166416 dignari: 6166111 mei esse dignere Oros

(1611111173, 39, 26, 51, 21, 181, 12, 157,16; 6766167616611111116
142, 20, ,1516616 tormentoque usus est¹ idonius A 7111611111
22,16,(11111116161131,5. epistulis ad papas ,lib. VI

(111111115111146,26. 1η-12, 7111417614, 5, 13,

detestabilitas 8, 8. IX 2-10, 12.

detestandus 14, 19, 77,.3 dignatio 75‚’7.

deuerters48,11. dignitas 296, 86,,2 96,27; 101, 10

(1661616165, 23, 78,2, 78, 5, 96,.ss dignus 8,l2; 18, 31, 52, 111,82,18,
23, 101,20,102,8.14,111(116166. 83, 4, 105,10,,1516661(116
6111.95,18.14,191124,7 mandstis deid‘nus.

deuitare 34 6 80 8 16511661161 dei dign. 97, 25

dens 1616111161, ,11 (111 14, 21· 16,27, diiudicare 18, 28, sed (1111611661118,
38, 27· saepe Ρ661111611605111161 24511.

(11611411 9,18.(1111111611166111677666158624644

dextera (1616611111) 12, 13, 25, 22; 67,,8 85,.3
37, 3,,5 74, 16, 1111111111 15,4, (1015611148, 19

diabolicus (ex ’1165516111 61,16,) (1111111667. del.
1656111613,5,19,,2 98, 1118. diligentia 51, 23.

(1165116111,,3 ·','.5247;5'3, 15, 55, 2.;6 (1111,11616,7,,,853 4528 5121 533.
61, 15, 68, 14. 21, 64, 18, 854, dingere 71 14, 82,.6
97,9,10111156,17.19),-1116-(116616111--171116’,167122,.6
561615210, diabulus ex zabulus (1116161666 46, 11, 49, 28.
cess 13, 16, zabolus 18, 4. 5. 9. (111161648,,9·67,21(664. (1161161), 94, 24.
14 20,24,14511; 84,5,100,3, (11616161116116 66116 75, 16.
1656161 19,18511;46,28,61,10. 11161ρ11668,19,35,2ι,51,11,821,

(1161111668, 26, 88, 23, 99,1.

1161666166“ιη,16161616666148,16,(111616116616611661102,14,10414.
(1111661116 110, 12, discipulus6, 13; 23,;5 3565 89,11,

dicere 161,1111111,617615,16,6,21, 42,,3 5518.
7, 21, 11, 21, interdum (11111 pro (1111611114 109,10Ι
166611,61’76111,16,19,12,611-(11616116611611.(1116(1.
51111116 (1116611 16611111 et sim, dispensat 78116 76,11,100,12,101,.6
es. ,161116651.,· 6661111616 35,19, dispicere 616 desp.
55,;7 6111676116.- dicente euange- (11166661116,16,32,5,,4525,46,2,
lisia 16116161 deus dicens 47, 4; 48, 22, 62, 5, 65,1.0 1,2 66, 5,
666 possumus (111616 (11616 616 759, 92‚;4 94,10,·103,,4·104,12,
dixisse qued 6616 dixisse apostolus 105, 1, 154, 1, disposite in nos
dixit 49, 30. 661616 69, 8.

dictare 87, 18 , Oros. 151, 7. dispositio 3, 4; 31, 31, 84, 17,51,18,

niceo 16, 9. 661,11,11;11,16;16,1;11,ι6; ‘

dietum 12,1, 21422, 3012, 45,16. 87, 26, 100, 9, 105, 5; Oros. 151,
17; 50,11, 72, 4. 5, 87,1, 101, 6. 14, 15312, 14.

 

