uerborum 11 locutionum. 209

59, 2463, 7, 82, 6,89,3· 981, 445, 16· 111111. 1111111 do 16,
102,10,1111111111--11111111111 1.13,110,18,11. 118,12,0111
73,2, 1111111111111111. obliqua, 154, 13, 155, 18, 11111 etiam 1111111·-
111111, qui oum operibus quis 11111 actious.
11111111116,12,11’111’11’11111,12, 1111111-1111111193,21,1[.1111.
38, 17, 52, 11, 61, 15, 88, 6, 96, 1111111510, poss. 65, 11.
9. 17, 98, 12, ostendam quid con· partitudo 74, 26
1111110111. 152, 22 parturire 17,19, 19, 1, 53, 26, 98, 3.
ostensum, i23,.5 perusus 5'9,2'4; 60, 3, 74, 24, 77,
1111111 1661111147 011115622. 15, 85, 1.
otium: otii pigrisoentis studium 51, parui ’(1111εε111111111139,25.
12,- 536. parnoii 79,3.
pascha: 101111. 1111 9444. paschae (56,
311161114218, 72,5. 27);58,10,60,10,71,1,111119111.
paene 0111. 155, 819. 1111111111 57215, 61, 13, obl..-
paenitens 28, 5, 58, 18. pascha 58,17; -
paenitentia 28,2, 141,22. 1) 1111111 59, 21 bis 60, 20, 69,
palam facere 113, 8. 6, 71, 17, 72, 23. 26, 73, 23,
palmos, itis 85, 11. 74,,1 77,18,78, 18261797, 80,
palpabilitas 0111151124. 10, (81, 2).
palpitare 54,19. paschalis 71, 1111.
pandere fidem cat t.hol 41, 21. passio 44, 13, 58, 1, 61, 12, 74, 17.
papyros 24, 20. 19, 79, 24, 102,,6 142, 20.
par beatis 88,1. pas astnus= -.acc pl. 61, 2.
parabola 56, 23, 69,5, 98,,2 154,,6 ρ1111111111,11111116,19.28, 75, 6,
1233213230 Sparablplaaracbourss 1213 1111818113ἰ 1170351, 1, 65 8
paradisus 74, 21. pa 1111111111 115, 14.
ρ1111151,26,67,12.111154, 40, 22, 48, 10, 49, 4, 70,
1111111111171171111, nats, cf. praes. 17,71,15,74,1,11111111171,8,
4.II,H4f. 11111 72,3,75,3,111111111113913.
parcere alicuia alienis 94,.1 pat atibulum 60,, ·72, 26.
pardus 8, 26, 9, 11. patientiae partes sequi 348.
parens, tis 36, 1, 92, 12. patienter 51, 8.
parere parere 194, 23. patria 94, 7.
ρ1111111311117,24, 21,6,- 34,,811111111111 81,11, 1531719.
66, 21, 100, 5, 104, 13, hinc una paulatim 91,10
or parto·v whinc exparte altera5l, pauci 52, 25, 53, 23, cf. parui
8111,111111ρ1111ω11111199,1. 1111355810, 40, 371219 45,16.
particeps 83, 17. peccamen 15 12, 93, 22, 95, 17, 96, 25
participiorum 1111 nimis 1111119111 1111114, 6, 39, 6· 47, 14, 62, 12,
Ρ1111,111111134,19111.,38,9.,111 631322, 66,,6 968, 97,17.
5316111,65,81(,1.,71,141(,(,.,11111111831422.
73,191(,(,.,76,27111,823111,1111111154 7,;9 43,,7 445, 45,
97, 11113 98, 2-8, - saepissime 6. 7, 60, 16, 66, 15, 71, 8, 73, 14,
annatim· absoluti, uelut: dicente 74, 10, 82, 12, 83, 9, 8515, 88,
Moyse (Petro, apostolo, profeta, 11.15,97,12.13,1003121317.
sim.) 5,16, 6, 21. 23, 7, 21, 222, peculiariter 22,14, 51,13.
24, 21, 27, 22, 31, 15, 34, 6, 38, pecus, oris 71, 19, 72, 9. 25, 76, 19,
19. 22, 47, 4, 49, 10, 50, 15, 55, 77, 7. 13, pecorum formae 71, 4,
11, 57, 7. 8, 58, 3, 59, 2111, do· 72, 23, pecoris 111 pecodis corr.
cente 23, 14; 97, 15; - quoniam 79,15.
multis mansionibus positis 36, 5, peona 1111. pinna.
-confwaditw commaticus ,11111- per saepiseiow, uelut 4, 17, 610, 9,
11111 relativi cam 111. obs. 59, 22, 28, 12, 5, 14, 8, 15, 2, ω 71, 23,

1111111111. 14

 

