196 11311

11111128,,3111111,1111,,111812 11111.3311(111111133111111)
113111111113111111111111973, 34,3, 42,1415 45,11, 49,3,

11131161111113111111688111111 51, 26, 55’, 24, 10’0, 6,’ fidem 3111
pro 1111111111111171, 3· 1111111111 13113112, 3311111111 19111.
111111111111189 11’,111111 111 50,11,3311’111133,12,34,16,
homo inanimam uiuam 20, 10,11111 33’11 ueritas 39, 17, of. ad, cathol,

rwrsstafi' moiffone 2612- 111’1’1ἰἰ”1’ῗ’1’1
1111111 43, 8, 47, 21, 52, 6. 7, 53, 5, 33111111111 16, 25.
71,24, 90, 17, 98, 1, lor, 11111. 3111 14, 14, 22, 15, 73, 23, 78,13,
facinus 101, 11. 84,7 11.
1111112322, 31,10, 35,9,47, 17, ligiis 1111111762, ef. fixus.
49 26 636, 97, 26, ·104,,6 105,.4 311111111510, 20,,6 105, 20
factura 1820, 63, 20, 64, 13, 6516, figurati, 18, 86, 13, 138, 211.
77, 12. mm etym: 1131111111 iudicare 19, 5.
facultas 36, 2. 101, 8
faenum 12, 14, 84, 15. 16 111, 90, 31111 11111111111111119. et 11111.
11111112. plor. fili: 18, 18, 19, 19, 23, 8,
faerox 64, 8. 2113, 32, 22, 37, 31, 39, 15, 49,
11111111, ae 110, 5. 3. 7, 50,14.17, 85, 4, 86, 6, 87, 2,
fallere 84, 46, 102, 17 88,5,103,11.14,113311115,25,
falsare 429 51, 26, 56,.8 17,23,32,8,81,13.14,10113.
111131111111’1111111111 3118113918, 14211.)
falsitas 56, 9. fingere 16, 7, 21, 14, 31, 23, 50, 9,
11111 111141, 28 311111 21, 16.
falsus 22, 12; 93, 15. finire 11 11111147, 12, mundus finitur
familiae 3111111 ¹incertorum 76, 18. 81, 3, <finit= 1111111111, ad 56, 27,
familiaritas 111111 saecularium 57, 10. 61, 16, 68, 9, 81, 16, 85, 16).
familiariter 1111331111 consuet 113111 31113216, 57,1218, 62,12,64,13,
admonente 69, 13 1194, 23. 71, ’23,’ 77, 6, 95, 25’, regni sui
fantasma 11113111 15, 9. 31188,8,311111111157,12, 146,4;
fastidiosus 110, 7. 311 9318.
fecundare 67, 22, 85, 14. firmare: affirmare Oros. 153, 8.
fecunditas subolis 101,14. firmamentum 26, 21, 53, 13, 67, 21.
111 22, 59. firmis pro firmus 11, 5, (1131313
felicitas 146, 15. 110, 15).
113111111311111195,2,111111111,111-3111111237.
suasio 955, ruina ’11311111 95,,7 fixo' 11 lubricis gressu 57, 18, fixo· 11
1111111 mater uteri 98 2 legefelix’ 1111111111 gressu 95, 25.
135321311111111 animi studium 93,1.
111111128,16.311126,,9 81, 8.
11111214, 18, 29, 27, 28. 111111111111.,1’111. 311111151,8,1111
feriatus ab alqa re 68 9 ef. 31111164,.8
fermentum 81, 3 1οη111111111111111111115,10, 3311
ferox ef. 1111111111 fonte tri ertito rigata 31, 30,
ferus: -fera 15,.1 baptismatis gns 61, 9, 1111111111
11111 111111111111138, 12, 11111 1111111- fons 66, 17, diuinorum sermonum
111115127,11111ε-1’111111138,19.1111118510.
festinato 131,0111. 151, 11. 1111111. prosp 111 exterior.
33131111148,’8 1ο111111111111111,11111 6, 1, 8, 3,
33111149, 29, 5817, 853· 1032. 18, 4· 19, 1, 1111111111111 ’(15,’
33111111111111111111.331’13,3.10, 12),44,5,73,14, 74,10,1ο1111
4,10,14,14,15,26,31,9,36,6, 1111135524, 62,3,13111111
39,15,56,16,72,10, 7519, 99, 6111111145 54, ’16, 77,’9. 13.
13, 3311 ex fidis 1111 34, 3,- formalis 11111111’ Oros 153, ’.18

 

