198 Index

bolus), 111111, (epistula), oremus, 111111 5, 24, 83, 16, 85, 2.
fantasma, ,111111116101111 mocziw,1cter09em,uid.daeumtio.
bora), metra. 11111111111111161, 1,, saepissime.- ,1. hi, 11, 8, 46,
,333.33.;,123,318 1, ,ε 6,, ε, ε ,ε
grana4,19; 15, 2, 29, 5, 3511, 45, 88,17;116,56155,7, 60, 18, 61,
171331331311131 371331 ΙΙ11, 131 2. 73 111,3· 6-183 96,15ὶ ⁸· 3116·
9819, 932, 103, 3· ,1111011113 qui: 4‚8;8,5.6;l4,15;
emtulssr! 3410, 111 141, 22· 25, 24. 25, 27, 17, 29, 4, 31, 4,
2711111110 95, 11· 33, 12, 364, 44,7, 46, 9. 21 , 50, 4,
2711117911· 63, 19, 70, 6, 92, 8, 94, 25, 99, 7,
mum 135, 76· (1311313113,1331211111,
611111, 3111111 41, 17. 146‚19);hi ,unt ,nim (qui) 8, 4. 6,
,1911115710961511 flm- 1113, 1,,1, 3111, 31118, 61,
3111111726. 2. 7, 64, 6, 1011811111 patet ,11111
gustatus 24, 2. qen. ,1111111111 ,111111;11οο41,18, 49,
guttur 99,17. 17, 95, 7, ante hoc 23, 23, hoc
8111711161· est quod 1111131111 chr. 27,17,
11,,,11131316311111181, 1511111111110610,11335
31, 111 241 ’11 31131 33131 331131 831 19,8;95, 17,102,9,119,60(Ῑ11.)
38, 351 ’131 511111714313113111 11, 13; 38,53 ¹10,10; 51), 1,2751,5;
5111115116· 17671, 5291 65281 56, 7. 25, 63, 18, 73, 18, 77, 11,
731111 331131 34, 331 851 131 931 (in his (11136 fuimus ’1, 87 111 1118
19698201, 101123, 1011151 1046. quae apparent 63, 19 ; 11,), adhaec
7511211111111111 11611111, 11, 4, 11, 17, 15, inter haec 3511,
25, ,1111 24, 6, fidem uormombus p„ 666, 42, 113 7618, 9771-
31, 9; 1111 11111161000171111 5011, cf, mg„
quod 3613111141, 11, 11113153, 25, hin, 40, 1. 27, 44, 8, 88, 23, hinc
= 7717171077 311261 7041811261 1131163111Ν111111, ox parte altera
61, 10, 102, 3- 51, 8-12, quater 87, 10-12, ter
hab1taculum 541, 62, 4, 6415, 65, ιιῑιιοωῑιιᾱ, 91,10-14.
17· 711 ⁷0, 11; 79· 781 8691 82, historia 1611161113, sensata 100,
¹83 83111 85,12,91,3. 19, historiae sanctorum 100, 22.

11111111, 2116 123, ,113ὣῖ 73 3, 7107031111111111,1.,ι olochaustum.
habitator 81, 11. ’ ’ homo mmm, ,11,1, 1311, 45,

1166166666 70 5· Ι7.15.17;48,18.19,43,5; 101,3.
16666, 79, 1, 6 hominumhomo Christus 24, 13, christi

haeresis: 131, 13, 11,, 151, 11, ,aa 1111113 = 71111611* 6,18.

011111. Wirc. semper ,11111111- 1017711 113 85111·

bitur: 6, 20, 7,8, 2153 23,9.13; honos: nom. honor 27,3; 60,11, 66,

33, 1, 38, 64811111, 11, 56, 10, - 71· 11, 9676·

12, 6111111111, 44, 4. 1011611 61121·
haeretic1: per ae scrib. 42, 9, 56, 9, 1052111111 62, 43 65, 24·

63, 10 (110, 4), per e: hereticus huiusmodi 8, 21, 27, 12, 402, 45, 23 ,

3, 8, 5, 7, 22, 10, 23, 23, 24, 7, 471923, 51, 8. 22, 54,11, 76, 15,

38, 19, 39, 9, 41, 5, 46, 23 51, 25, 77, 9, 99, 10. 13, cf. 11116311,

56, 7, . erraticus. humanus 412, 5, 8, 52, 21. 24, 53, 5,
harena '.horena. 54,14,57,3.11,58,7,60,12,
hebetare 73, 8. 69,11, 74, 16. 25, 77, 14, 90, 17,
155161611264,65163611268, 92, 5. 16, 94, 6. 20. 23, 95, 16,

hebreice 18, 6. 96, 5. 8, 100, 22, 104, 2.
herbarum ,1311111612 humidorum princeps 154,12. 16.
herena = arem 61, 2. lhumilitas sermonis 70, 2.

 

