 

uerborum et locutionum. 221

11111012,4,20,21,31,11,73,24,01111111. uena 54, 19.

tunica talaris 25, 17, 29, 4. ueneficium (0011. beneficia) 96, 25,
1011104016, 1101100010 ecc beneficia corr. 21, 3.
turbare 40, 3. uenenum 97,14.
111111111οε 88,11. uenerabilis 5,10; 31, 28, 34,17; 37,
turgescere 110,12. 23, 38, 5, 42,15, Oros. 157, 9.
turinum aeramentum 25, 20. uenerabilitas 39, 21.
turpitudines 17,17, 19, 9, 22,14. uenerari 14,19; 17,5.16, 18, 1 1110.
tuus 97,12. ueneratio 39, 16, 52,18.
typus (0.0 tipus corr.) 29,1, - 86, 13, uenia 6, 14 ; 36, 3, 88, 19.

153,11. uenire saepissime, uelut 6, 2, 34, 10.

12, 36, 13, 40, 15, 41, 10. 17,

U pro B 0111001001οἵ 60, 10, 71, 15, 78, 21, 81, 6, 87,5,
uacuus 104, 19. 91, 11, 102,16,103, 10,-111001-
110,,1111060,3,77,15. nem 7, 20, 31, 2, 60, 4, 72, 2,
uagus 79, 22. 102, 7, in 0011111111 corr. 010 in 001110
ualere 45, 20, 49, 8, 93, 24. 2813, incarne 7,18; 21, 22, 31, 5,
uaniloquium 124, 11. 55, 6, 62, 18.
uaniloquus 132, 9. uenter 1141 14·
uanitas 8, 2. uentus 54, 17, 65, 5.
00110110 modorum, cf. modi. uenumdatus 80, 2 ; uenundatus 19, 22.

- numeri, 01110111. uenustus 110, 7.

- 100100111οι, cf. temp. uerbera (00 110111. corr.) 40,17.
uarietas 10111111111193,22. uerbum 8, 13, 12, 5, 27, 9, 28, 26,
uas electum 87, 7. 31, 7, 33, 11, 40, 4, 49, 27,,50, 14,
ubi 45, 11, 48, 16, 49, 28, 65, 23, 53, 5. 26, 56, 9, 63, 61111, 65, 7,

73, 24, 77, 22, 90, 18, 93, 16, 100, 66,(1, 67,22, 74, 12, 82, 4, 92, 3,

18, 101, 8, 104,19, 106, 4. 98, 1; 99, 7. 22, 102, 2.
ubique 104, 25, uere 52, 12. 13.
uel = sehon (36, 4), 38, 5, 39, 6, uergere 105, 2.

58, 16111, = quamuis, 0001 110011 ueritas 8, 4, 33, 9, 34, 5, 39, 17, 60, 2,

so 38,24; 018315, -- 01613, 64, 20, 69, 4, 87, 14, 100, 6,

14, 16, 18, 17, 22, 5 011, 23, 6, 101,15.

30,1711.;-111.11111101.000,11”001“1110, uero = 0111011136,13,40,15,49,19,

uelut 1511109, 23, 10, 24, 1, 998, quasi 11010 7, 8. ’

31, 22, - nullus 1101ω1101 35, 0010111100 sermonum 8,16.

12. 13, 35, 17 , 01136, 4); 46, 24. uersutus 110, 4. 11.

26, 66,20;(110110101ωο01ωο11 uerum = 1101 35, 5.

0013, aut qualiter uel Ν 111,ν uerus 16, 10; 35,-11, 48, 10; 111, 1,

11011503). 75, 13, 88, 7, ueri fides 33,12,
uelare 86, 15. 34, 16 ; 50,14; uera, orum 22, 12;
uelle saepissinw, 11011110. 000. 0. inf. 45, 2. 23, 93,15.

6, 10. 14, 9,16, 38, 17 , 52, 12, uesper 65, 9, 07,15.

57, 16, 66, 5, 70, 18, 79,15111.,- uestigium 44, 14.

0. inf. 5, 8, 6,13, 11, 26, 18, 28, 10101000010 6214.

21, 14, 2317, 1411, 3114, 38, uetus test. 71141 72, 7· 12; 73111

1411, 0. 00111. 110,14; 112,7a1.; . 98, 20, abl. uetere 72, 9, ueteri

0. acc. solo 312, 38, 901, uellit 138,1; 153, 2.

pro uelit 39,2; 99,3; 1011111185, 7. uetustas 79,12.
uelocius 110, 8, 112, 9. uexato 6, 20; 33,11.
uelut 8, 2. 9, 17, 16, 35, 20, 40, 15, uia 19,14; 20,17; 64, 20; 66,16; 83,

48,8,54,18,57,12,71,14,72,12, 14. 22, 92, 16, 10217, 103, 12.

73, 15, 77, 1. 012, 79, 24, 80, 8, 11100 111110110110 58, 2, - 65, 012.

81, 9, 92,4, 95,21, 9918, 10010, uicinus 80, 13.

101, 3, 102, 4. 15. uictoria 79, 26.

 

