220 Index

(1011101010)”10 01014512, 55, 22, 11010 17,7;of.Bramboet,ort1e.p..133
-insidias63,;1 00100101010122. 1101010 17,4. 11
tenebrae 15,13, 1818, 35, 1, 64,.141111100 266 31, 28, 82, 10. 12, 36,,4
13· 86, 15, 87,1; 96129822, 924, 951113, lll‚9.
99, 14 , 114, 15,115, 2010,120,17, tolerabilis 00 101101. corr. 95, 6.
’ Oros. 154, 3, einp. tenebre 67, 17. tolerantia 59, 22.
tenebrosus 4,;4 18, 29, ex tenebror. tollere spem ueniae 36, 3.
corr. 104, 24. tonitru 154, 18.
1000105,1,8,,1924,,835,101610100010107,4,22,·.16
366714, 38,1,445,,1847,16, 10157,,12 921016
48, 22,3 50,,5 51, 26, 62,,4 63101010 ado. 8,18; 10 101010 Oros.
23, 64, 20, 65, 17, 79, 5, 82, 12, 156,19. ·
86,5;99,22;101,6; 153,17. 101006, 2, 35, 1, 39, 1523, 41, 9,
1000010 Oros. 157,1. 71, 322, 79,4, 93,2, 97,2, 1010
terminus 72, 1, 193, 9, 104, 14. 1000111141, 2, 1010100100011001101
1011112220, 54, 2, 61, 3, 651013, 50, 3, 0000 pro totis 55,1, 0000
67,13.14,79,27,101,7.19,102, 10 10110 71, 24, 75, 9, omnium
8, 104, 18 al. creator in 10110 77, 20, omnis serib-
terrenus 17, 4, 18, 2930. 31, 5419, 1010110100 totus est 93, 5.
63, 24, 65, 20. 26, 69, 9. 12, 70, 11001010 45,15.
1014, 71, 5. 6. 7. 20, 73, 5. 8. 10, tractatus 10 subscriptionibus 56, 27,
74, 9, 75, 15. 17, 76, 22, 83, 25, 68,9,81,16,85,16,91,11,102,]8.
94, 21, 98,17.21, ex terraon. oorr. tradere 35, 12 ; 36,14, 41,19, 42, 17,
60,,6 624, terraenus 73, 21. 4819, 496.
wmffl,5 tfflmmtmffi,ffi. “
10111 0010 principatibus 65,14,01. trahere 47, 26.
onigonus. tranquillus aeui 88, 11.
tertius 88, 5 1819, 89,.4 transcurrere 60,;4 77, 16.
tessera 45, 14. transducere 16, 25.
testamentum 52, 3. 7. 14. 1518, 71, 1100010110 29, 5, 45, 8, 72, 22.
14, 72, 6. 9.11. 12. 15. 21, 73, 11. transfigurare 00 131, 20.
23, 83, 3, 98,18; 102, 10. 1100010000 69, 4.
1001011 7,10, 22, 4, 45, 5, 47, 4, 49, transire: transiet 24, 23.
24, 50,1, 93, 6. transitus, us 54, l7; 77, 22.
1001011010 catholiea professione 40, 6. translatio 45, 4. ,
testificatio 79, 24. transmittere 41, 9.
testimonium 6, 5. 25, 7, 2 23,18,1100000101011,5.
26, 7. 26, 27, 12, 33, 9, 38, 11, trepidatio 74, 26.
42, 17, 43, 11,44, 9. 19, 45, 19, 1100 6, 67, 45, 21, 78, 19, 129, 12.
46, 5. 6. 14, 47, 23 25, 48, 10 13,1 tribuere 12, 5, 27, 17, 62, 6, 63, 27,
50,3,51,14.1752,9,53,7.11,76,,-311100100000110000019625
54, 13, 63,5, 661 ’,';694 80,21.111)01010863 146, 19.
24 ; 85, 4, 97, 27, 101, 11, 105, 6, ribulatio formidinum 95,1, - 97, 20.
12312, - 0111 10 testimonio 30, 18 riformis 76, 9. 19, 76, 4, 78, 12.
(opp. 0. 017, 13). rinitas 154, 18.
testis 25, 14, 39, 4, 40, 12, 45, 21 , trinus: trina potestas 37, 23.
6016 70,,16 83,10,(0.1101.)93,.3 tripertitus5, 10; 31, 30.
terere fabulam (cod. tegens) 40, 29. triturare 13, 19.
101100100 ‚laneam ood.Ttestusli1 ,.114) triuiales res 45, 13
thema propositum 92,.4 triumphare 0000. 16,26,1110101010
1000000100 17, 46· 116, 22, 123, 15 95,13,101,3.
1110010 11, 2, 27, 28, 35, 8, 40, 28, triumphus 95, 20· 101, 5,1 1110101110

60,,2174,15,0.’.2’01)1()46,11. 718.
110101 43, 6, 51, 20, 61, 11, 11100100 tum88,6; 83,,2 ef. tuno.
formidinum 96, 26. tumultds 45, 10.

 

