uerborum 6616666166661. 213

pronuntiare 46, 22, 92, 3. pugnare 35, 27, 951, 96,17.
prooemium 109,1. pullus 26, 16. -
prope = 6616 40, 21. pulsarefidemzabolioaobtrectatione3,5.
propheta 66 ,1166666 puluereus 60, 22.
propiatus inimici transitus 77, 21, 66 punire 101,11.
Prudens, haocart. 542. punitio 0166. 15612.
propinquare 104, 10. purgare 7, 9, 39, 28, 42, 10, - 0166.
proponere 26, 8; 36, 7, 49,15; 53, 18, 156, 9.
62, 10, 64, 12, 92, 4. puritas 87, 19.
propositum 66 6166 35, 17, 66 Ρ1166611. ,166616 23, 1, 24, 11, 28, 15, 33, 8,
ΙΙΙ, 15: 6606616106, propositum 66 40, 18, 44, 13, 54, 2, 63, 21,72, 8,
06666 66110661. 75, 13 , 100, 22.
proprius 13, 20, 6514, 97,16. putrescere 17,10.
proptor 46, 28, 49, 5, 56, 11, 70, 2,
06661569,,16666166661421506611666661111666161115810,(,661116-
5824, 63,18, 64, 20, 71, 7, gensimus 6019.
105, 16,(55, 12, 80,,1 99 6) proptor quadragenta 60,11.
- id quod 27, 9. quadripertitus 65, 6. ’
propterea 15, 11, 46, 28. quadripes 9, 23, 76, 26.
propudiosus 137 16, 66 1666116671, Ι6 quaerere 21, 8, 47, 13, 49, 29,51, 14.
et Uulp 125. 18, 53, 4· 56, 9, 59, 5, 69, 12,
propugnaculum 110,5 70,7, 72, 12; 75, 3. 5066, 83, 21,
prosthesis: aesteruutatio 24, 24· ex· 90, 19, 94, 22, 101, 16, 102, 5,
{geete 1506116141117646934115653041636654333) 60636145ώ55614611136613143315 7519.
,1.,63 8676611ομ86 (161661 Η61161- quaestor 41, 15
ῗὴὲίΐῖἶῇξαῗξόᾐΡΗΞὲἒέωΕοᾳΐέεξ. 4531356340Ιὸ3 9452100 46, 6· 50, 3,
decet 6661 Lacaenas (1885) ,1 39. 52, 25, 55, 25, 66, 14, 106‚7; 66
protestatio 101,1. quomodo.
prouehi 97, 6 6116111666,666666666666666616660061,
,1166611666ε60666116654186666*166,“1116116’66’16.,061064,1,1
,1166166616 sacrae lectionis 87, 16. 7, 16, 18,5, ·,34 49, 36,3; 41, 17,
prouidere 403, 87,15,94,10. 45,,834915, 52, 10, 533, circadae:
prout 109, 7· 128, 17. praeter idquamquodeuangelizatum
rpoximus 80, 14, 104, 10. 666 7,11.
prudentium ’dict 616666 28, 9. quamdiu c. 66116. 99, 21.
prudent 16 123, 1. quamuis 3, 7, 4, 8, 17, 25, 27, 9, 38,3;
psalmidicus sermo 85, 8, 97, 3, 100, 5. 45, 19, 53,11, 57,15,71,12, 76,
psalmus 26, 9, (8116), 82, 5. 10, 11, 82, 14, 94, 20, 97, 23, 99, 2,
(85, 16), 86,,4 87, 17· 8818, 93, 103,11, 1041· 666111616ω1661661
ᾒ,1955,,13,97,2.53, 100,1 8. 52,13,(110660666 6661016660666-
66661666666611131,19 quandom 461, 102,.5
pseudoepiscopi 40, 30, 41, 1. quant um 40, 4, 87,11, 16 quantum
pseudoprofeta 13,11, 96,1;4 131, 20. 75, 17
publicum iudicium 41, 12, ,16111166 quasi 7, 8, 74,15
6611116927,666666619,3.4.12,31,.2 30

pudenda, orum 8,5; 99,17. .quc saepe, 06606 28, 26, 71, 17,
,16611666 21, 7. 72, 26, 7363 74,11; 76, 21, 78,
,166161 60,1. 24, 66 sicque.
puer Oros. 151, 9. quemadmodum 53, 9.
pugna 51, 26; 57,4; 84, 25; 92,17; queri 74, 15, quaeri 74, 20.

99, 21, 126, 9. qui, 666 6666666 66166011 st 01 6016 1116,
pugnantia uiscerum 98, 4. 1611441661111116,60660661,6,11660616

 

